/*--------------------------------*- C++ -*----------------------------------*\
  =========                 |
  \\      /  F ield         | OpenFOAM: The Open Source CFD Toolbox
   \\    /   O peration     | Website:  https://openfoam.org
    \\  /    A nd           | Version:  12
     \\/     M anipulation  |
\*---------------------------------------------------------------------------*/
FoamFile
{
    format      binary;
    class       faceSet;
    location    "constant/polyMesh/sets";
    object      AlavergaZone;
}
// * * * * * * * * * * * * * * * * * * * * * * * * * * * * * * * * * * * * * //


251
(
179712 
162816 
179713 
602627 
186372 
186373 
186374 
179718 
238091 
238092 
238093 
324110 
238094 
238096 
249883 
249884 
249885 
324134 
4143 
238128 
238129 
238130 
414261 
563768 
563771 
414272 
592449 
592450 
592451 
238148 
162887 
339019 
339020 
339021 
140365 
140366 
651347 
592467 
651348 
651351 
3671 
651353 
651355 
363613 
363614 
163934 
599647 
363615 
163935 
363616 
179808 
163936 
179809 
599650 
179810 
179811 
200806 
599657 
599658 
363630 
363631 
162417 
162418 
414325 
592503 
592505 
363645 
543360 
383616 
543361 
383617 
543362 
383618 
162434 
209030 
209031 
209032 
87176 
87177 
592522 
383632 
488083 
488084 
413846 
162971 
162972 
488093 
162973 
488095 
179871 
179872 
20128 
20130 
607913 
607916 
140462 
651440 
651448 
591544 
651450 
591547 
651452 
591548 
651453 
591549 
651454 
651455 
651466 
651468 
651469 
592077 
651470 
592078 
592079 
592080 
592081 
592085 
651495 
651499 
651501 
622829 
6896 
250097 
441586 
441587 
441588 
29943 
323833 
323834 
651517 
323837 
323838 
323839 
323843 
532238 
651538 
651539 
14099 
14100 
14101 
14102 
651552 
651553 
651554 
213284 
213285 
651558 
213286 
213287 
14633 
651565 
346414 
651567 
346415 
346419 
132404 
532277 
132405 
532279 
532280 
532281 
532282 
547643 
651580 
547644 
651581 
383805 
346429 
651582 
383806 
651583 
547647 
651584 
547648 
651585 
532289 
547650 
547651 
180043 
532303 
532304 
132944 
132945 
132946 
546643 
132947 
38245 
444262 
132454 
444263 
132455 
132456 
623476 
623477 
444277 
444278 
651639 
651641 
651643 
444288 
162179 
444294 
444295 
444296 
132488 
132489 
529292 
31639 
444321 
599970 
444322 
444323 
599974 
599975 
599976 
444328 
444329 
599979 
444332 
201132 
599981 
444333 
201133 
599982 
201134 
413617 
162749 
162750 
38344 
38345 
38346 
326623 
326624 
3553 
3554 
3555 
105956 
3556 
631272 
631274 
87029 
631286 
631287 
444407 
238072 
238073 
631290 
631291 
602621 
179711 
162815 
)

// ************************************************************************* //
