/*--------------------------------*- C++ -*----------------------------------*\
  =========                 |
  \\      /  F ield         | OpenFOAM: The Open Source CFD Toolbox
   \\    /   O peration     | Website:  https://openfoam.org
    \\  /    A nd           | Version:  12
     \\/     M anipulation  |
\*---------------------------------------------------------------------------*/
FoamFile
{
    format      binary;
    class       faceSet;
    location    "constant/polyMesh/sets";
    object      AlavergaFaces;
}
// * * * * * * * * * * * * * * * * * * * * * * * * * * * * * * * * * * * * * //


251
(
163934 
163935 
163936 
622829 
213284 
213285 
213286 
213287 
623476 
623477 
132404 
132405 
132454 
132455 
132456 
132488 
132489 
607913 
607916 
591544 
591547 
591548 
591549 
132944 
132945 
132946 
132947 
444262 
444263 
444277 
444278 
444288 
444294 
444295 
444296 
444321 
444322 
444323 
444328 
444329 
444332 
444333 
444407 
592077 
592078 
592079 
592080 
592081 
592085 
346414 
346415 
346419 
346429 
592449 
592450 
592451 
592467 
592503 
592505 
543360 
543361 
543362 
592522 
363613 
363614 
363615 
363616 
363630 
363631 
363645 
3553 
3554 
3555 
3556 
3671 
20128 
20130 
413617 
249883 
249884 
249885 
4143 
200806 
413846 
250097 
201132 
201133 
201134 
414261 
414272 
414325 
529292 
87029 
87176 
87177 
38245 
38344 
38345 
38346 
546643 
186372 
186373 
186374 
563768 
563771 
383616 
383617 
383618 
383632 
6896 
547643 
547644 
383805 
383806 
547647 
547648 
547650 
547651 
105956 
532238 
532277 
532279 
532280 
532281 
532282 
532289 
532303 
532304 
631272 
631274 
631286 
631287 
238072 
238073 
631290 
631291 
238091 
238092 
238093 
238094 
238096 
238128 
238129 
238130 
238148 
140365 
140366 
140462 
599647 
599650 
599657 
599658 
599970 
599974 
599975 
599976 
599979 
599981 
599982 
339019 
339020 
339021 
651347 
651348 
651351 
651353 
651355 
209030 
209031 
209032 
651440 
651448 
651450 
651452 
651453 
651454 
651455 
651466 
651468 
651469 
651470 
651495 
651499 
651501 
323833 
323834 
323837 
651517 
323838 
323839 
323843 
651538 
651539 
651552 
651553 
651554 
651558 
651565 
651567 
651580 
651581 
651582 
651583 
651584 
651585 
651639 
651641 
651643 
602621 
602627 
324110 
324134 
488083 
488084 
488093 
488095 
29943 
14099 
14100 
14101 
14102 
14633 
162179 
162417 
162418 
162434 
31639 
162749 
162750 
326623 
326624 
162815 
162816 
162887 
162971 
162972 
162973 
441586 
441587 
441588 
179711 
179712 
179713 
179718 
179808 
179809 
179810 
179811 
179871 
179872 
180043 
)

// ************************************************************************* //
